500 10
18
24
7
10
12
6
46
16
59
25
24
16
51
41
17
17
14
46
29
53
19
31
20
30
3
24
26
51
19
37
10
19
44
18
52
12
23
7
34
40
44
10
60
43
45
2
41
46
45
37
12
9
41
21
43
9
10
17
48
47
40
18
15
1
22
29
54
31
40
18
4
43
40
12
31
24
55
59
29
58
53
28
38
29
27
6
32
59
24
40
22
34
28
40
37
23
3
52
26
47
28
41
3
47
49
51
7
56
36
54
22
32
60
11
11
15
20
33
60
54
19
44
48
14
44
56
22
58
23
58
60
31
2
26
14
46
14
42
40
1
51
41
39
33
57
30
43
9
7
15
49
12
3
26
25
57
12
18
33
8
48
11
17
50
10
20
38
56
16
54
16
1
60
2
59
3
54
8
47
58
7
48
5
54
24
32
15
18
32
23
47
2
3
20
13
54
31
15
18
7
53
34
38
46
50
48
20
49
18
48
53
5
1
14
20
41
14
59
2
14
33
1
24
34
39
11
37
37
6
55
4
10
38
15
10
41
42
21
50
12
8
17
14
16
25
29
30
28
50
58
20
28
60
48
60
41
21
36
32
5
25
52
43
7
29
18
31
26
17
59
56
54
8
20
39
23
43
30
47
6
41
22
50
13
20
33
30
3
14
12
44
56
38
54
46
55
37
42
29
26
32
1
29
25
1
18
7
56
20
39
46
8
18
52
48
12
36
7
7
17
53
7
29
31
53
30
27
54
40
7
23
25
52
17
55
23
34
56
36
12
4
6
30
9
25
57
45
54
4
16
41
33
8
48
54
35
4
50
25
39
27
54
25
38
26
36
3
31
28
17
7
34
38
19
22
30
8
45
26
47
49
34
54
31
49
53
1
1
57
15
53
58
50
51
40
40
57
38
4
59
56
47
20
11
29
51
48
56
46
58
14
14
52
32
43
1
45
9
22
25
54
17
44
47
14
18
16
31
6
37
9
37
22
28
49
2
25
19
30
19
60
5
22
18
11
41
37
17
44
33
31
15
27
23
28
45
14
48
9
40
20
9
4
18
1
5
36
52
34
44
55
4
12
39
41
55
8
1
5
60
43
9
4
57
36
22
4
49
43
6
22
46
44
23
5
51
12
54
32
43
